10
10
30, 40 {50} {20}
100
30, 400 {500} {200}
100
300, 400 {500} {200}
100
300, 400, 500, 220
100
200, 300, 400
0.3852849230362522
20, 30, 40
491.34509102144364
100, 200, 300
491.34509102144364
100, 200, 300
2024-02-29 15:41:33.502046, 100, 200, 300, 491.34509102144364
2024-02-29 15:44:57.193733, 100, 200, 300, 491.34509102144364
2024-02-29 15:45:29.959915, 100, 200, 300, 491.34509102144364
2024-02-29 15:47:43.306177, 100, 200, 300, 491.34509102144364
2024-02-29, 100, 200, 300, 491.34509102144364
2024-02-29, 100, 200, 300, 491.34509102144364
2024-02-29, 100, 200, 300, 491.34509102144364
